1;arms_factory;2946.00;11.63;1364.00;0.45;0
1;arms_factory;2948.00;10.05;1356.00;3.47;0
1;arms_factory;2948.00;10.38;1357.00;6.13;0
1;arms_factory;2950.00;11.20;1370.00;2.51;0
1;arms_factory;2945.00;12.03;1368.00;4.07;0
1;arms_factory;2945.00;11.88;1369.00;1.91;0
1;industrial_complex;2950.00;12.05;1361.00;3.12;0
1;industrial_complex;2950.00;12.05;1361.00;0.96;0
1;industrial_complex;2950.00;12.40;1364.00;3.98;0
1;industrial_complex;2944.00;9.50;1357.00;0.36;0
1;industrial_complex;2945.00;9.60;1357.00;3.02;0
1;industrial_complex;2948.00;10.82;1371.00;5.69;0
1;air_base;2948.38;11.60;1359.45;0.15;0
1;naval_base;2954.00;9.70;1370.00;0.98;5579
1;naval_base;2942.00;9.50;1371.00;-2.60;5555
1;naval_base;2944.00;9.50;1360.00;-0.79;5579
1;bunker;2946.00;11.63;1364.00;5.69;0
1;bunker;2945.00;10.03;1361.00;2.07;0
1;bunker;2953.00;10.15;1364.00;6.20;0
1;coastal_bunker;2953.00;9.78;1372.00;0.98;0
1;coastal_bunker;2941.00;9.50;1360.00;-0.79;0
1;coastal_bunker;2940.00;9.50;1368.00;-1.19;0
1;dockyard;2953.00;9.50;1375.00;-3.00;0
1;anti_air_building;2952.00;10.80;1364.00;6.20;0
1;anti_air_building;2952.00;10.80;1364.00;2.59;0
1;anti_air_building;2943.00;10.30;1365.00;0.43;0
1;synthetic_refinery;2946.00;9.73;1358.00;1.63;0
1;nuclear_reactor;2948.00;10.82;1371.00;1.03;0
2;arms_factory;2999.00;10.28;1369.00;6.13;0
2;arms_factory;3015.00;12.43;1361.00;2.51;0
2;arms_factory;2994.00;10.00;1367.00;4.07;0
2;arms_factory;3004.00;10.38;1368.00;1.91;0
2;arms_factory;3008.00;10.80;1360.00;3.12;0
2;arms_factory;2992.00;11.23;1373.00;0.96;0
2;industrial_complex;3011.00;10.48;1354.00;3.98;0
2;industrial_complex;3023.00;10.43;1351.00;0.36;0
2;industrial_complex;3009.00;9.70;1352.00;3.02;0
2;industrial_complex;3005.00;9.68;1353.00;5.69;0
2;industrial_complex;2990.00;9.60;1366.00;2.43;0
2;industrial_complex;2999.00;10.55;1372.00;3.63;0
2;air_base;3000.23;9.90;1363.77;1.17;0
2;naval_base;3003.00;9.50;1352.00;-0.46;5656
2;naval_base;2993.00;9.50;1361.00;-0.93;5656
2;naval_base;3016.19;9.40;1348.04;-0.08;1452
2;naval_base;3020.02;10.10;1347.04;0.17;1452
2;naval_base;2987.00;9.50;1367.00;-0.90;5579
2;bunker;2997.00;9.60;1360.00;4.14;0
2;bunker;2993.00;9.80;1367.00;1.98;0
2;bunker;3017.00;10.60;1352.00;3.19;0
2;bunker;3003.00;10.32;1369.00;6.20;0
2;bunker;3012.00;12.03;1363.00;2.59;0
2;bunker;3012.00;10.15;1352.00;0.43;0
2;bunker;3005.00;10.13;1360.00;1.63;0
2;coastal_bunker;2989.00;9.50;1365.00;-0.90;0
2;coastal_bunker;3010.82;9.50;1347.24;-0.08;0
2;coastal_bunker;3020.00;9.50;1347.00;0.17;0
2;coastal_bunker;2998.00;9.50;1356.00;-0.93;0
2;coastal_bunker;3004.00;9.50;1352.00;-0.46;0
2;dockyard;3012.88;9.40;1348.53;0.32;0
2;anti_air_building;3009.00;11.30;1363.00;2.14;0
2;anti_air_building;3007.00;11.32;1368.00;5.16;0
2;anti_air_building;3013.00;11.30;1357.00;0.08;0
2;synthetic_refinery;3021.00;10.98;1354.00;4.21;0
2;nuclear_reactor;3002.00;9.70;1357.00;2.15;0
4;arms_factory;3050.00;14.13;1473.00;3.12;0
4;arms_factory;3058.00;10.05;1492.00;0.96;0
4;arms_factory;3040.00;13.23;1452.00;3.98;0
4;arms_factory;3063.00;9.90;1490.00;0.36;0
4;arms_factory;3055.00;12.23;1484.00;3.02;0
4;arms_factory;3060.00;10.98;1476.00;5.69;0
4;industrial_complex;3047.00;13.88;1474.00;2.43;0
4;industrial_complex;3043.00;13.60;1456.00;3.63;0
4;industrial_complex;3041.00;13.43;1472.00;1.47;0
4;industrial_complex;3061.00;10.70;1469.00;4.13;0
4;industrial_complex;3060.00;11.40;1479.00;5.69;0
4;industrial_complex;3067.00;10.03;1484.00;2.07;0
4;air_base;3048.72;13.70;1469.71;1.22;0
4;bunker;3054.00;10.40;1458.00;1.48;0
4;bunker;3056.00;11.00;1467.00;4.14;0
4;bunker;3063.00;10.40;1486.00;1.98;0
4;bunker;3051.00;10.80;1453.00;3.19;0
4;bunker;3042.00;13.10;1461.00;6.20;0
4;bunker;3048.00;11.30;1484.00;2.59;0
4;bunker;3047.00;12.15;1463.00;0.43;0
4;bunker;3044.00;14.35;1467.00;1.63;0
4;bunker;3064.00;9.98;1492.00;4.65;0
4;bunker;3053.58;14.00;1474.62;3.13;0
4;bunker;3069.00;9.70;1478.00;3.69;0
4;bunker;3062.00;10.85;1479.00;1.54;0
4;bunker;3054.00;10.35;1492.00;3.10;0
4;anti_air_building;3044.00;12.78;1458.00;5.76;0
4;anti_air_building;3045.00;13.43;1471.00;2.14;0
4;anti_air_building;3058.00;11.05;1469.00;5.16;0
4;synthetic_refinery;3053.00;10.60;1492.00;0.08;0
4;nuclear_reactor;3044.00;12.55;1461.00;0.59;0
6;arms_factory;2884.00;9.73;1537.00;3.02;0
6;arms_factory;2875.92;9.60;1542.81;5.69;0
6;arms_factory;2862.00;9.70;1531.00;2.43;0
6;arms_factory;2855.50;9.60;1539.62;3.63;0
6;arms_factory;2855.00;9.80;1535.00;1.47;0
6;arms_factory;2879.00;9.70;1543.00;4.13;0
6;industrial_complex;2861.00;10.00;1533.00;5.69;0
6;industrial_complex;2870.00;9.70;1536.00;2.07;0
6;industrial_complex;2859.00;10.07;1538.00;6.20;0
6;industrial_complex;2881.00;9.70;1544.00;1.48;0
6;industrial_complex;2887.00;10.05;1540.00;4.14;0
6;industrial_complex;2872.00;9.70;1537.00;1.98;0
6;air_base;2866.79;10.20;1538.68;3.99;0
6;naval_base;2871.33;9.50;1543.73;-2.65;8621
6;naval_base;2847.73;9.50;1540.77;-2.68;8621
6;naval_base;2853.21;9.30;1542.71;-2.66;8621
6;bunker;2873.00;9.80;1533.00;1.63;0
6;bunker;2862.15;10.10;1539.29;4.65;0
6;bunker;2873.00;9.60;1542.00;1.03;0
6;bunker;2881.00;9.70;1540.00;3.69;0
6;bunker;2853.00;9.70;1535.00;1.54;0
6;bunker;2885.00;9.93;1535.00;3.10;0
6;bunker;2859.00;9.78;1532.00;5.76;0
6;bunker;2888.00;10.05;1540.00;2.14;0
6;coastal_bunker;2854.29;9.40;1541.74;-2.66;0
6;coastal_bunker;2851.00;9.50;1542.00;-2.68;0
6;coastal_bunker;2873.00;9.55;1544.00;-2.55;0
6;dockyard;2855.28;9.60;1543.28;-2.66;0
6;anti_air_building;2890.00;9.90;1539.00;2.15;0
6;anti_air_building;2864.00;9.88;1533.00;4.81;0
6;anti_air_building;2870.00;9.70;1540.00;2.65;0
6;synthetic_refinery;2849.00;9.68;1537.00;0.50;0
6;nuclear_reactor;2866.00;9.80;1534.00;4.72;0
8;arms_factory;2898.00;10.95;1510.00;1.47;0
8;arms_factory;2897.00;11.38;1512.00;4.13;0
8;arms_factory;2897.00;11.50;1513.00;5.69;0
8;arms_factory;2903.00;10.85;1511.00;2.07;0
8;arms_factory;2905.00;10.82;1512.00;6.20;0
8;arms_factory;2899.00;11.40;1514.00;1.48;0
8;industrial_complex;2903.00;10.88;1512.00;4.14;0
8;industrial_complex;2897.00;11.60;1514.00;1.98;0
8;industrial_complex;2898.00;11.80;1517.00;3.19;0
8;industrial_complex;2902.00;10.98;1513.00;6.20;0
8;industrial_complex;2899.00;11.53;1516.00;2.59;0
8;industrial_complex;2900.00;10.80;1507.00;0.43;0
8;air_base;2898.00;11.63;1515.00;1.63;0
8;bunker;2899.00;11.80;1519.00;4.65;0
8;anti_air_building;2904.00;10.73;1508.00;1.03;0
8;anti_air_building;2900.00;11.48;1518.00;3.69;0
8;anti_air_building;2903.00;10.75;1508.00;1.54;0
8;synthetic_refinery;2898.00;10.95;1510.00;3.10;0
8;nuclear_reactor;2904.00;10.78;1509.00;2.14;0
9;arms_factory;3054.00;11.20;1522.00;5.69;0
9;arms_factory;3023.00;13.05;1505.00;2.07;0
9;arms_factory;3062.00;12.28;1520.00;6.20;0
9;arms_factory;3038.00;11.25;1525.00;1.48;0
9;arms_factory;3040.00;12.60;1512.00;4.14;0
9;arms_factory;3042.00;11.45;1520.00;1.98;0
9;industrial_complex;3033.00;12.15;1501.00;3.19;0
9;industrial_complex;3036.00;11.73;1517.00;6.20;0
9;industrial_complex;3042.00;10.78;1522.00;2.59;0
9;industrial_complex;3019.00;12.20;1519.00;0.43;0
9;industrial_complex;3056.00;11.98;1520.00;1.63;0
9;industrial_complex;3016.00;12.05;1513.00;4.65;0
9;air_base;3026.20;12.50;1515.05;3.03;0
9;bunker;3051.00;11.15;1525.00;3.69;0
9;bunker;3032.00;10.45;1524.00;1.54;0
9;bunker;3050.00;12.70;1512.00;3.10;0
9;bunker;3063.00;12.40;1523.00;5.76;0
9;bunker;3053.00;11.00;1523.00;2.14;0
9;bunker;3023.00;11.00;1525.00;5.16;0
9;bunker;3046.00;11.73;1519.00;0.08;0
9;bunker;3021.00;12.65;1508.00;4.21;0
9;bunker;3033.00;12.15;1502.00;0.59;0
9;bunker;3016.00;11.88;1517.00;2.15;0
9;bunker;3023.00;13.55;1504.00;4.81;0
9;bunker;3034.00;11.30;1528.00;2.65;0
9;bunker;3052.00;12.20;1519.00;0.50;0
9;bunker;3032.00;12.13;1513.00;0.60;0
9;anti_air_building;3026.00;10.95;1524.00;4.72;0
9;anti_air_building;3037.00;11.25;1521.00;1.10;0
9;anti_air_building;3017.00;11.95;1517.00;3.76;0
9;synthetic_refinery;3040.00;12.63;1507.00;5.32;0
9;nuclear_reactor;3027.00;11.23;1522.00;4.37;0
10;arms_factory;3153.00;10.50;1563.00;6.20;0
10;arms_factory;3128.00;10.13;1547.00;1.48;0
10;arms_factory;3139.00;9.82;1552.00;4.14;0
10;arms_factory;3121.00;9.90;1558.00;1.98;0
10;arms_factory;3134.00;9.85;1554.00;3.19;0
10;arms_factory;3120.00;9.95;1545.00;6.20;0
10;industrial_complex;3137.00;9.80;1562.00;2.59;0
10;industrial_complex;3120.00;10.00;1547.00;0.43;0
10;industrial_complex;3152.00;10.50;1567.00;1.63;0
10;industrial_complex;3139.00;9.80;1561.00;4.65;0
10;industrial_complex;3145.00;9.90;1569.00;1.03;0
10;industrial_complex;3134.00;9.90;1549.00;3.69;0
10;air_base;3130.59;9.80;1556.32;2.74;0
10;bunker;3116.00;9.90;1563.00;3.10;0
10;bunker;3149.00;10.40;1571.00;5.76;0
10;bunker;3117.00;9.98;1549.00;2.14;0
10;bunker;3133.00;9.80;1561.00;5.16;0
10;bunker;3144.00;9.90;1569.00;0.08;0
10;bunker;3130.00;10.03;1548.00;4.21;0
10;bunker;3122.00;9.90;1556.00;0.59;0
10;bunker;3139.00;9.80;1549.00;2.15;0
10;bunker;3143.00;9.80;1556.00;4.81;0
10;anti_air_building;3119.00;9.88;1560.00;2.65;0
10;anti_air_building;3132.00;9.80;1560.00;0.50;0
10;anti_air_building;3119.00;10.00;1548.00;0.60;0
10;synthetic_refinery;3136.00;9.80;1561.00;4.72;0
10;nuclear_reactor;3153.00;10.43;1569.00;3.76;0
12;naval_base;3186.00;9.50;1681.00;-1.57;1885
12;bunker;3198.00;10.30;1684.00;4.81;0
12;bunker;3203.00;10.32;1678.00;0.50;0
12;bunker;3190.00;10.07;1686.00;1.10;0
12;bunker;3211.00;10.40;1677.00;3.76;0
12;bunker;3219.00;10.40;1677.00;2.22;0
12;coastal_bunker;3186.00;9.50;1681.00;-1.57;0
12;dockyard;3186.00;9.50;1684.00;-1.57;0
14;arms_factory;2740.00;9.68;1476.00;1.63;0
14;arms_factory;2749.00;9.75;1488.00;4.65;0
14;arms_factory;2768.00;9.70;1487.00;1.03;0
14;arms_factory;2772.00;9.85;1477.00;3.69;0
14;arms_factory;2743.00;9.60;1477.00;1.54;0
14;arms_factory;2763.00;10.40;1480.00;3.10;0
14;industrial_complex;2741.00;9.70;1488.00;5.76;0
14;industrial_complex;2758.00;9.93;1489.00;2.14;0
14;industrial_complex;2741.00;9.70;1478.00;5.16;0
14;industrial_complex;2776.00;9.80;1479.00;0.08;0
14;industrial_complex;2745.00;9.70;1479.00;4.21;0
14;industrial_complex;2759.00;9.73;1490.00;0.59;0
14;air_base;2759.84;10.30;1477.68;-0.35;0
14;naval_base;2772.00;9.53;1490.00;-3.14;2871
14;naval_base;2734.12;9.40;1483.49;-1.08;4885
14;naval_base;2766.59;9.60;1469.22;-0.69;8546
14;naval_base;2750.00;9.50;1493.00;-2.21;2381
14;naval_base;2744.00;9.50;1475.00;-1.33;4885
14;naval_base;2757.00;9.50;1469.00;-0.32;8546
14;naval_base;2763.00;9.57;1488.00;-3.14;2871
14;bunker;2736.15;9.70;1487.38;5.32;0
14;bunker;2747.00;9.80;1482.00;3.17;0
14;bunker;2777.00;9.65;1485.00;4.37;0
14;bunker;2769.00;9.98;1474.00;2.21;0
14;bunker;2761.00;10.15;1473.00;3.77;0
14;bunker;2759.00;10.53;1484.00;0.15;0
14;bunker;2778.00;9.70;1476.00;4.27;0
14;bunker;2766.00;10.10;1481.00;5.84;0
14;bunker;2756.00;9.70;1492.00;2.22;0
14;bunker;2743.00;9.60;1477.00;4.88;0
14;coastal_bunker;2738.00;9.50;1475.00;-1.33;0
14;coastal_bunker;2740.00;9.53;1482.00;-0.79;0
14;coastal_bunker;2751.00;9.50;1473.00;-0.32;0
14;coastal_bunker;2763.00;9.73;1487.00;-3.14;0
14;coastal_bunker;2772.00;9.68;1489.00;-3.14;0
14;coastal_bunker;2756.00;9.55;1494.00;-4.04;0
14;coastal_bunker;2762.00;9.50;1468.00;-0.69;0
14;dockyard;2760.88;10.00;1470.17;0.37;0
14;anti_air_building;2755.00;10.30;1480.00;4.44;0
14;anti_air_building;2770.00;10.23;1477.00;1.17;0
14;anti_air_building;2749.00;9.70;1489.00;3.84;0
14;synthetic_refinery;2772.00;9.80;1483.00;0.22;0
14;nuclear_reactor;2746.00;9.70;1478.00;5.90;0
15;arms_factory;2820.00;9.85;1501.00;1.03;0
15;arms_factory;2828.00;9.90;1504.00;3.69;0
15;arms_factory;2818.00;10.10;1494.00;1.54;0
15;arms_factory;2794.00;11.50;1491.00;3.10;0
15;arms_factory;2803.00;10.65;1494.00;5.76;0
15;arms_factory;2816.00;9.70;1513.00;2.14;0
15;industrial_complex;2781.00;9.70;1508.00;5.16;0
15;industrial_complex;2806.00;10.25;1492.00;0.08;0
15;industrial_complex;2827.00;9.80;1510.00;4.21;0
15;industrial_complex;2798.00;11.28;1490.00;0.59;0
15;industrial_complex;2808.00;10.43;1498.00;2.15;0
15;industrial_complex;2820.00;9.98;1498.00;4.81;0
15;air_base;2814.97;10.00;1496.17;3.15;0
15;naval_base;2780.91;9.50;1510.29;-3.17;2847
15;naval_base;2821.73;9.40;1515.31;-2.96;12389
15;naval_base;2790.00;9.55;1504.00;-3.39;2847
15;naval_base;2808.48;9.50;1507.67;-1.19;2847
15;naval_base;2782.00;9.50;1495.00;-2.16;2871
15;naval_base;2801.00;9.70;1502.00;-3.39;2847
15;naval_base;2805.24;9.70;1502.43;-2.90;2847
15;bunker;2792.00;10.05;1501.00;4.37;0
15;bunker;2820.00;10.05;1492.00;2.21;0
15;bunker;2822.00;9.80;1506.00;3.77;0
15;bunker;2818.00;9.90;1488.00;0.15;0
15;bunker;2810.00;10.53;1492.00;4.27;0
15;bunker;2790.00;11.35;1493.00;5.84;0
15;bunker;2816.00;9.90;1501.00;2.22;0
15;bunker;2831.00;9.82;1510.00;4.88;0
15;bunker;2784.00;9.90;1495.00;2.72;0
15;bunker;2794.00;9.73;1503.00;2.82;0
15;bunker;2809.00;10.50;1497.00;0.66;0
15;bunker;2818.00;9.70;1511.00;3.33;0
15;bunker;2827.00;9.82;1512.00;1.17;0
15;bunker;2781.00;9.57;1504.00;1.27;0
15;bunker;2804.00;10.38;1492.00;5.39;0
15;coastal_bunker;2783.00;9.60;1510.00;-3.39;0
15;coastal_bunker;2824.56;9.50;1516.49;-2.36;0
15;coastal_bunker;2800.32;9.70;1502.77;-3.39;0
15;coastal_bunker;2789.94;9.50;1504.30;-3.39;0
15;coastal_bunker;2782.23;9.50;1493.39;-1.26;0
15;coastal_bunker;2808.90;9.50;1510.73;-2.09;0
15;coastal_bunker;2806.29;9.50;1503.73;-2.90;0
15;dockyard;2808.64;9.50;1507.69;-1.29;0
15;anti_air_building;2782.00;9.70;1506.00;4.95;0
15;anti_air_building;2811.00;10.55;1490.00;0.23;0
15;anti_air_building;2823.00;9.75;1509.00;2.89;0
15;synthetic_refinery;2818.00;9.70;1504.00;0.73;0
15;nuclear_reactor;2827.00;10.28;1496.00;0.13;0
16;arms_factory;2851.00;9.80;1482.00;1.54;0
16;arms_factory;2853.00;9.80;1498.00;3.10;0
16;arms_factory;2824.00;10.00;1489.00;5.76;0
16;arms_factory;2835.00;9.90;1498.00;2.14;0
16;arms_factory;2827.00;9.90;1482.00;5.16;0
16;arms_factory;2826.00;9.95;1485.00;0.08;0
16;industrial_complex;2832.00;10.18;1494.00;4.21;0
16;industrial_complex;2826.00;9.95;1479.00;0.59;0
16;industrial_complex;2821.00;9.95;1481.00;2.15;0
16;industrial_complex;2845.00;9.80;1489.00;4.81;0
16;industrial_complex;2854.00;9.80;1491.00;2.65;0
16;industrial_complex;2849.00;9.75;1496.00;0.50;0
16;air_base;2842.77;9.80;1486.70;-0.20;0
16;bunker;2824.00;10.00;1491.00;4.72;0
16;bunker;2846.00;9.70;1497.00;1.10;0
16;bunker;2826.00;9.95;1479.00;3.76;0
16;bunker;2845.00;9.80;1483.00;5.32;0
16;bunker;2840.00;9.80;1490.00;3.17;0
16;bunker;2858.00;9.80;1494.00;4.37;0
16;bunker;2840.00;9.80;1496.00;2.21;0
16;bunker;2851.00;9.80;1493.00;3.77;0
16;bunker;2837.00;9.80;1500.00;0.15;0
16;anti_air_building;2832.00;9.85;1483.00;4.27;0
16;anti_air_building;2829.00;9.90;1487.00;5.84;0
16;anti_air_building;2845.00;9.80;1491.00;2.22;0
16;synthetic_refinery;2826.00;9.90;1481.00;4.88;0
16;nuclear_reactor;2850.00;9.75;1490.00;2.82;0
17;arms_factory;2903.00;10.32;1470.00;5.76;0
17;arms_factory;2893.00;10.28;1474.00;2.14;0
17;arms_factory;2900.00;10.15;1478.00;5.16;0
17;arms_factory;2911.00;12.80;1481.00;0.08;0
17;arms_factory;2902.00;10.10;1458.00;4.21;0
17;arms_factory;2908.00;10.23;1461.00;0.59;0
17;industrial_complex;2897.00;10.30;1477.00;2.15;0
17;industrial_complex;2898.00;10.40;1483.00;4.81;0
17;industrial_complex;2906.00;10.60;1484.00;2.65;0
17;industrial_complex;2908.00;10.10;1460.00;0.50;0
17;industrial_complex;2910.00;11.43;1464.00;0.60;0
17;industrial_complex;2892.00;10.15;1471.00;4.72;0
17;air_base;2907.31;11.40;1472.43;4.70;0
17;bunker;2913.00;13.50;1477.00;3.76;0
17;bunker;2901.00;10.35;1482.00;5.32;0
17;bunker;2907.00;11.63;1466.00;3.17;0
17;bunker;2896.00;10.10;1466.00;4.37;0
17;bunker;2899.00;10.10;1452.00;2.21;0
17;bunker;2899.00;10.48;1487.00;3.77;0
17;bunker;2908.00;10.10;1459.00;0.15;0
17;bunker;2906.00;10.30;1487.00;4.27;0
17;bunker;2903.00;10.45;1474.00;5.84;0
17;bunker;2896.00;10.10;1470.00;2.22;0
17;anti_air_building;2903.00;10.43;1484.00;4.88;0
17;anti_air_building;2909.00;12.15;1468.00;2.72;0
17;anti_air_building;2907.00;11.18;1464.00;2.82;0
17;synthetic_refinery;2899.00;10.00;1470.00;0.66;0
17;nuclear_reactor;2910.00;12.38;1477.00;1.17;0
18;arms_factory;2886.00;11.32;1494.00;5.16;0
18;arms_factory;2863.00;9.90;1486.00;0.08;0
18;arms_factory;2894.00;11.60;1492.00;4.21;0
18;arms_factory;2887.00;11.23;1498.00;0.59;0
18;arms_factory;2895.00;10.40;1505.00;2.15;0
18;arms_factory;2883.00;9.95;1506.00;4.81;0
18;industrial_complex;2867.00;9.90;1486.00;2.65;0
18;industrial_complex;2862.00;9.85;1492.00;0.50;0
18;industrial_complex;2872.00;9.98;1496.00;0.60;0
18;industrial_complex;2875.82;10.40;1494.38;5.12;0
18;industrial_complex;2869.00;9.93;1503.00;1.10;0
18;industrial_complex;2874.00;9.80;1506.00;3.76;0
18;air_base;2878.52;10.80;1492.30;5.52;0
18;bunker;2876.00;10.53;1514.00;3.17;0
18;bunker;2891.00;11.75;1493.00;4.37;0
18;bunker;2871.00;9.80;1493.00;2.21;0
18;bunker;2884.00;10.32;1478.00;3.77;0
18;bunker;2869.00;9.82;1495.00;0.15;0
18;bunker;2873.00;10.23;1497.00;4.27;0
18;bunker;2896.00;10.63;1495.00;5.84;0
18;bunker;2871.00;10.05;1477.00;2.22;0
18;bunker;2885.00;10.03;1505.00;4.88;0
18;bunker;2886.00;10.00;1507.00;2.72;0
18;bunker;2890.00;11.73;1491.00;2.82;0
18;bunker;2882.00;10.82;1488.00;0.66;0
18;anti_air_building;2872.00;9.80;1507.00;3.33;0
18;anti_air_building;2879.00;10.57;1487.00;1.17;0
18;anti_air_building;2869.00;9.80;1491.00;1.27;0
18;synthetic_refinery;2885.00;10.23;1503.00;5.39;0
18;nuclear_reactor;2867.00;9.93;1481.00;4.44;0
19;industrial_complex;2798.00;9.73;1410.00;0.60;0
19;industrial_complex;2789.00;9.70;1401.00;4.72;0
19;industrial_complex;2791.00;10.15;1398.00;1.10;0
19;industrial_complex;2792.00;9.70;1419.00;3.76;0
19;industrial_complex;2789.00;9.75;1408.00;5.32;0
19;industrial_complex;2795.00;10.30;1404.00;3.17;0
19;air_base;2792.92;10.40;1398.35;1.67;0
806;naval_base;2785.00;9.50;1397.00;-2.03;8592
19;naval_base;2795.00;9.60;1418.00;-3.31;5108
19;naval_base;2789.00;9.50;1427.00;-3.28;5108
19;naval_base;2796.00;9.50;1422.00;-2.11;5108
806;naval_base;2783.00;9.65;1389.00;-2.21;8592
19;naval_base;2786.00;9.50;1405.00;-1.89;8592
19;bunker;2797.00;9.93;1407.00;4.88;0
19;bunker;2794.00;9.68;1413.00;2.72;0
806;bunker;2790.00;10.15;1388.00;2.82;0
19;bunker;2789.00;9.70;1400.00;0.66;0
806;bunker;2792.00;10.35;1391.00;3.33;0
19;bunker;2800.00;10.05;1420.00;1.17;0
19;bunker;2789.00;9.55;1423.00;1.27;0
19;coastal_bunker;2785.00;9.50;1401.00;-1.89;0
19;coastal_bunker;2788.00;9.50;1426.00;-3.28;0
806;coastal_bunker;2784.00;9.50;1394.00;-2.03;0
19;coastal_bunker;2796.00;9.68;1416.00;-3.31;0
806;coastal_bunker;2783.00;9.50;1391.00;-2.21;0
19;coastal_bunker;2797.00;9.50;1421.00;-2.11;0
19;dockyard;2792.17;9.70;1421.55;-4.59;0
19;synthetic_refinery;2800.00;10.10;1414.00;0.23;0
806;nuclear_reactor;2790.00;10.00;1397.00;0.73;0
20;arms_factory;2873.00;13.65;1416.00;2.15;0
20;arms_factory;2872.00;11.50;1409.00;4.81;0
20;arms_factory;2895.00;10.13;1436.00;2.65;0
20;arms_factory;2871.00;12.50;1427.00;0.50;0
20;arms_factory;2874.00;10.70;1442.00;0.60;0
20;arms_factory;2875.00;10.90;1410.00;4.72;0
20;industrial_complex;2887.00;10.13;1439.00;1.10;0
20;industrial_complex;2877.00;11.05;1434.00;3.76;0
20;industrial_complex;2878.00;11.20;1443.00;5.32;0
20;industrial_complex;2870.00;13.32;1418.00;3.17;0
20;industrial_complex;2876.00;10.35;1406.00;4.37;0
20;industrial_complex;2892.00;10.10;1440.00;2.21;0
20;air_base;2885.13;10.10;1446.68;4.47;0
20;bunker;2872.00;13.40;1419.00;0.15;0
20;bunker;2865.00;12.90;1420.00;4.27;0
20;bunker;2899.00;10.13;1448.00;5.84;0
20;bunker;2889.00;10.10;1446.00;2.22;0
20;bunker;2873.00;11.80;1429.00;4.88;0
20;bunker;2876.00;11.05;1438.00;2.72;0
20;bunker;2886.00;10.10;1450.00;2.82;0
20;bunker;2873.00;10.63;1442.00;0.66;0
20;bunker;2878.00;11.15;1442.00;3.33;0
20;bunker;2869.00;12.90;1409.00;1.17;0
20;bunker;2885.00;10.10;1437.00;1.27;0
20;bunker;2893.00;10.10;1438.00;5.39;0
20;bunker;2866.00;12.65;1424.00;3.23;0
20;anti_air_building;2883.00;10.15;1441.00;4.44;0
20;anti_air_building;2864.00;12.85;1420.00;1.17;0
20;anti_air_building;2878.00;10.50;1410.00;3.84;0
20;synthetic_refinery;2894.00;10.10;1439.00;0.22;0
20;nuclear_reactor;2881.00;10.55;1443.00;5.90;0
22;industrial_complex;2873.00;9.68;1394.00;4.37;0
22;industrial_complex;2872.00;10.20;1402.00;3.77;0
22;industrial_complex;2877.00;10.05;1400.00;4.27;0
22;industrial_complex;2860.00;13.45;1413.00;5.84;0
22;industrial_complex;2838.00;10.30;1403.00;4.95;0
22;industrial_complex;2844.00;10.50;1395.00;0.82;0
22;air_base;2853.93;12.00;1393.82;3.52;0
22;naval_base;2874.00;9.50;1389.00;-0.12;5505
22;naval_base;2861.00;9.50;1386.00;0.79;5505
22;naval_base;2872.00;9.50;1389.00;0.46;5505
22;bunker;2865.00;9.68;1390.00;1.17;0
22;bunker;2859.00;13.45;1414.00;5.39;0
22;bunker;2858.00;10.78;1391.00;3.23;0
22;bunker;2857.00;11.55;1398.00;4.44;0
22;bunker;2852.00;11.75;1402.00;1.17;0
22;bunker;2859.00;11.85;1400.00;3.84;0
22;bunker;2875.00;9.68;1391.00;1.78;0
22;bunker;2870.00;9.95;1396.00;5.90;0
22;bunker;2841.00;10.50;1406.00;1.84;0
22;bunker;2845.00;10.65;1397.00;3.40;0
22;bunker;2841.00;10.00;1395.00;1.85;0
22;coastal_bunker;2860.00;9.50;1386.00;0.79;0
22;coastal_bunker;2865.00;9.50;1388.00;0.46;0
22;coastal_bunker;2877.00;9.50;1389.00;-0.12;0
22;dockyard;2858.00;9.50;1385.00;0.79;0
22;synthetic_refinery;2851.00;11.95;1404.00;6.06;0
23;arms_factory;2803.00;9.90;1428.00;1.10;0
23;arms_factory;2788.00;9.70;1450.00;3.76;0
23;arms_factory;2803.00;10.35;1447.00;5.32;0
23;arms_factory;2790.00;9.68;1445.00;3.17;0
23;arms_factory;2805.00;10.10;1443.00;4.37;0
23;arms_factory;2804.00;9.80;1427.00;2.21;0
23;industrial_complex;2777.00;9.70;1454.00;3.77;0
23;industrial_complex;2801.00;10.28;1430.00;0.15;0
23;industrial_complex;2794.00;9.85;1444.00;4.27;0
23;industrial_complex;2795.00;10.25;1438.00;5.84;0
23;industrial_complex;2806.00;9.82;1454.00;2.22;0
23;industrial_complex;2783.00;9.70;1453.00;4.88;0
23;air_base;2797.77;10.30;1442.45;2.72;0
23;naval_base;2789.01;9.50;1439.63;-1.19;5108
23;naval_base;2776.00;9.50;1452.00;-0.98;5108
23;naval_base;2794.00;9.50;1428.00;-1.37;5108
23;bunker;2801.00;9.90;1452.00;1.17;0
23;bunker;2804.00;9.85;1455.00;1.27;0
23;bunker;2790.00;9.57;1442.00;5.39;0
23;bunker;2808.00;9.70;1431.00;3.23;0
23;bunker;2785.00;9.70;1455.00;4.44;0
23;bunker;2796.00;10.18;1430.00;1.17;0
23;bunker;2814.00;9.80;1458.00;3.84;0
23;bunker;2783.00;9.68;1452.00;0.22;0
23;bunker;2805.00;9.80;1434.00;1.78;0
23;bunker;2806.00;10.00;1442.00;5.90;0
23;coastal_bunker;2787.00;9.50;1435.00;-1.19;0
23;coastal_bunker;2775.00;9.50;1453.00;-0.98;0
23;coastal_bunker;2795.00;9.50;1425.00;-1.37;0
23;dockyard;2785.00;9.50;1437.00;-1.19;0
23;anti_air_building;2808.00;9.80;1428.00;0.73;0
23;anti_air_building;2802.00;10.13;1424.00;3.39;0
23;anti_air_building;2816.00;9.80;1458.00;0.13;0
23;synthetic_refinery;2795.00;10.05;1445.00;1.34;0
23;nuclear_reactor;2802.00;9.90;1455.00;1.84;0
24;arms_factory;2817.00;9.82;1463.00;5.32;0
24;arms_factory;2815.00;9.75;1467.00;3.17;0
24;arms_factory;2826.00;9.88;1466.00;4.37;0
24;arms_factory;2826.00;9.88;1466.00;2.21;0
24;arms_factory;2844.00;10.15;1462.00;3.77;0
24;arms_factory;2818.00;10.15;1471.00;0.15;0
24;industrial_complex;2819.00;10.28;1471.00;4.27;0
24;industrial_complex;2850.00;9.80;1479.00;5.84;0
24;industrial_complex;2850.00;9.80;1479.00;2.22;0
24;industrial_complex;2841.00;10.40;1467.00;4.88;0
24;industrial_complex;2842.00;9.80;1477.00;2.72;0
24;industrial_complex;2818.00;9.82;1464.00;2.82;0
24;air_base;2838.17;10.50;1467.76;3.36;0
24;bunker;2826.00;10.05;1467.00;3.33;0
24;bunker;2840.00;9.95;1476.00;1.17;0
24;bunker;2813.00;9.70;1464.00;1.27;0
24;bunker;2838.00;10.35;1473.00;5.39;0
24;bunker;2827.00;10.40;1472.00;3.23;0
24;bunker;2850.00;9.88;1475.00;4.44;0
24;bunker;2842.00;10.45;1467.00;1.17;0
24;bunker;2850.00;9.98;1455.00;3.84;0
24;bunker;2816.00;9.80;1468.00;0.22;0
24;anti_air_building;2841.00;9.82;1477.00;1.78;0
24;anti_air_building;2825.00;10.23;1474.00;5.90;0
24;anti_air_building;2816.00;9.80;1468.00;0.82;0
24;synthetic_refinery;2816.00;9.80;1468.00;4.95;0
24;nuclear_reactor;2844.00;10.38;1464.00;2.89;0
25;arms_factory;2819.00;10.15;1420.00;4.37;0
25;arms_factory;2817.00;10.07;1410.00;2.21;0
25;arms_factory;2828.00;10.05;1410.00;3.77;0
25;arms_factory;2834.00;10.00;1416.00;0.15;0
25;arms_factory;2804.00;10.32;1408.00;4.27;0
25;arms_factory;2837.00;10.00;1422.00;5.84;0
25;industrial_complex;2826.00;10.00;1438.00;2.22;0
25;industrial_complex;2820.00;10.05;1422.00;4.88;0
25;industrial_complex;2815.00;10.15;1409.00;2.72;0
25;industrial_complex;2819.00;10.05;1427.00;2.82;0
25;industrial_complex;2812.00;10.00;1410.00;0.66;0
25;industrial_complex;2802.00;10.10;1407.00;3.33;0
25;air_base;2822.59;10.00;1419.52;0.27;0
25;bunker;2818.00;10.00;1434.00;1.27;0
25;bunker;2822.00;10.03;1431.00;5.39;0
25;bunker;2825.00;9.98;1409.00;3.23;0
25;bunker;2816.00;10.25;1418.00;4.44;0
25;bunker;2825.00;9.90;1424.00;1.17;0
25;bunker;2806.00;10.30;1408.00;3.84;0
25;bunker;2833.00;10.05;1414.00;0.22;0
25;bunker;2816.00;10.10;1409.00;1.78;0
25;bunker;2829.00;10.07;1411.00;5.90;0
25;bunker;2831.00;10.03;1428.00;0.82;0
25;bunker;2820.00;10.00;1426.00;4.95;0
25;bunker;2807.00;10.35;1414.00;0.23;0
25;bunker;2836.00;10.00;1421.00;2.89;0
25;anti_air_building;2837.00;10.00;1428.00;0.73;0
25;anti_air_building;2825.00;10.00;1439.00;3.39;0
25;anti_air_building;2822.00;9.95;1425.00;0.13;0
25;synthetic_refinery;2811.00;10.23;1418.00;1.34;0
25;nuclear_reactor;2808.00;10.30;1414.00;1.84;0
26;arms_factory;2862.00;10.88;1439.00;3.77;0
26;arms_factory;2844.00;10.45;1420.00;0.15;0
26;arms_factory;2853.00;13.05;1431.00;4.27;0
26;arms_factory;2844.00;10.55;1413.00;5.84;0
26;arms_factory;2850.00;10.35;1442.00;2.22;0
26;arms_factory;2851.00;11.93;1411.00;4.88;0
26;industrial_complex;2856.00;11.15;1437.00;2.72;0
26;industrial_complex;2862.00;10.93;1437.00;2.82;0
26;industrial_complex;2839.00;10.00;1419.00;0.66;0
26;industrial_complex;2858.00;12.88;1421.00;3.33;0
26;industrial_complex;2850.00;10.10;1449.00;1.17;0
26;industrial_complex;2849.00;10.28;1441.00;1.27;0
26;air_base;2854.22;11.70;1434.50;-2.99;0
26;bunker;2848.00;11.23;1428.00;3.23;0
26;bunker;2854.00;13.40;1423.00;4.44;0
26;bunker;2862.00;11.73;1427.00;1.17;0
26;bunker;2847.00;10.20;1447.00;3.84;0
26;bunker;2866.00;10.98;1443.00;0.22;0
26;bunker;2845.00;10.68;1418.00;1.78;0
26;bunker;2854.00;10.80;1439.00;5.90;0
26;bunker;2855.50;13.00;1427.82;0.82;0
26;bunker;2856.00;13.07;1417.00;4.95;0
26;bunker;2861.00;10.68;1441.00;0.23;0
26;bunker;2849.00;11.88;1416.00;2.89;0
26;anti_air_building;2848.00;10.20;1446.00;0.73;0
26;anti_air_building;2856.00;10.53;1444.00;3.39;0
26;anti_air_building;2848.00;11.63;1416.00;0.13;0
26;synthetic_refinery;2850.00;12.85;1425.00;1.34;0
26;nuclear_reactor;2847.00;11.25;1421.00;1.84;0
27;arms_factory;2867.00;10.15;1457.00;4.27;0
27;arms_factory;2876.00;10.35;1470.00;5.84;0
27;arms_factory;2883.00;10.30;1460.00;2.22;0
27;arms_factory;2880.00;10.28;1451.00;4.88;0
27;arms_factory;2872.00;10.43;1456.00;2.72;0
27;arms_factory;2868.00;10.40;1463.00;2.82;0
27;industrial_complex;2884.00;10.05;1455.00;0.66;0
27;industrial_complex;2857.00;10.00;1459.00;3.33;0
27;industrial_complex;2868.00;10.20;1453.00;1.17;0
27;industrial_complex;2861.00;10.10;1470.00;1.27;0
27;industrial_complex;2856.00;9.90;1480.00;5.39;0
27;industrial_complex;2872.00;10.82;1463.00;3.23;0
27;air_base;2875.49;10.60;1463.32;2.84;0
27;bunker;2876.00;10.35;1470.00;1.17;0
27;bunker;2872.00;10.75;1460.00;3.84;0
27;bunker;2859.00;10.00;1476.00;0.22;0
27;bunker;2866.00;10.13;1450.00;1.78;0
27;bunker;2877.00;10.35;1454.00;5.90;0
27;bunker;2855.00;9.98;1474.00;0.82;0
27;bunker;2866.00;10.23;1464.00;4.95;0
27;bunker;2882.00;10.35;1459.00;0.23;0
27;bunker;2877.00;10.35;1471.00;2.89;0
27;bunker;2864.00;10.20;1448.00;0.73;0
27;bunker;2859.00;10.03;1458.00;3.39;0
27;bunker;2886.00;10.00;1457.00;0.13;0
27;anti_air_building;2869.00;10.10;1473.00;1.34;0
27;anti_air_building;2881.00;10.53;1471.00;5.46;0
27;anti_air_building;2860.00;10.10;1454.00;1.84;0
27;synthetic_refinery;2868.00;10.20;1450.00;3.40;0
27;nuclear_reactor;2865.00;10.00;1475.00;3.91;0
28;arms_factory;2919.64;12.50;1492.35;4.22;0
28;arms_factory;2916.00;12.70;1472.00;5.08;0
28;arms_factory;2911.00;10.98;1498.00;2.52;0
28;arms_factory;2912.45;10.90;1491.18;3.92;0
28;arms_factory;2921.28;12.20;1491.65;0.76;0
28;arms_factory;2923.00;10.70;1481.00;4.63;0
28;industrial_complex;2918.07;11.60;1496.84;1.17;0
28;industrial_complex;2917.34;13.50;1467.69;1.27;0
28;industrial_complex;2923.94;12.10;1487.86;5.39;0
28;industrial_complex;2922.16;11.40;1482.16;2.23;0
28;industrial_complex;2916.00;13.20;1474.00;4.44;0
28;industrial_complex;2928.00;10.83;1495.00;1.27;0
28;air_base;2918.53;13.30;1488.37;2.94;0
28;bunker;2919.85;13.50;1485.34;-2.48;0
28;bunker;2921.24;10.80;1477.25;1.78;0
28;bunker;2915.00;11.63;1494.00;5.90;0
28;bunker;2906.00;10.70;1502.00;-2.68;0
28;bunker;2924.47;10.30;1484.60;1.67;0
28;bunker;2931.00;11.03;1494.00;-4.27;0
28;bunker;2920.08;14.60;1465.05;1.59;0
28;bunker;2900.80;10.70;1503.72;3.63;0
28;anti_air_building;2927.66;10.90;1490.83;4.49;0
28;anti_air_building;2917.81;13.00;1491.85;0.23;0
28;anti_air_building;2917.82;12.70;1471.76;4.04;0
28;synthetic_refinery;2903.78;10.70;1496.27;5.46;0
28;nuclear_reactor;2923.42;11.60;1490.71;3.40;0
30;arms_factory;2803.00;10.50;1482.00;0.66;0
30;arms_factory;2785.00;9.70;1467.00;3.33;0
30;arms_factory;2796.00;9.80;1466.00;1.17;0
30;arms_factory;2807.00;10.23;1464.00;1.27;0
30;arms_factory;2794.00;11.13;1485.00;5.39;0
30;arms_factory;2801.00;10.23;1481.00;3.23;0
30;industrial_complex;2789.00;9.70;1469.00;4.44;0
30;industrial_complex;2780.00;9.65;1461.00;1.17;0
30;industrial_complex;2804.00;10.30;1469.00;3.84;0
30;industrial_complex;2802.00;10.25;1465.00;0.22;0
30;industrial_complex;2796.00;11.00;1484.00;1.78;0
30;industrial_complex;2792.00;10.20;1472.00;5.90;0
30;air_base;2801.77;10.30;1474.18;0.02;0
30;naval_base;2774.00;9.50;1461.00;-1.77;8546
30;naval_base;2767.00;9.50;1465.00;-0.98;8546
30;bunker;2805.00;10.30;1465.00;2.89;0
30;bunker;2810.00;10.20;1477.00;0.73;0
30;bunker;2788.00;9.70;1465.00;3.39;0
30;bunker;2781.00;9.63;1459.00;0.13;0
30;bunker;2793.00;9.80;1464.00;1.34;0
30;bunker;2790.00;10.43;1482.00;5.46;0
30;bunker;2788.00;10.13;1478.00;1.84;0
30;bunker;2796.00;10.50;1479.00;3.40;0
30;bunker;2788.00;10.03;1474.00;6.06;0
30;bunker;2814.00;9.85;1473.00;3.91;0
30;bunker;2779.00;9.60;1463.00;4.01;0
30;coastal_bunker;2777.00;9.50;1463.00;-0.98;0
30;coastal_bunker;2773.00;9.50;1461.00;-1.77;0
30;dockyard;2772.00;9.53;1464.00;-0.98;0
30;anti_air_building;2816.00;10.30;1475.00;3.91;0
30;anti_air_building;2807.00;9.73;1477.00;0.30;0
30;anti_air_building;2796.00;10.45;1478.00;2.96;0
30;synthetic_refinery;2794.00;10.38;1476.00;5.62;0
30;nuclear_reactor;2816.00;9.98;1480.00;5.02;0
31;arms_factory;2797.00;10.63;1392.00;5.39;0
31;arms_factory;2834.00;9.93;1399.00;3.23;0
31;arms_factory;2802.00;10.35;1398.00;4.44;0
31;arms_factory;2799.00;13.10;1379.00;1.17;0
31;arms_factory;2848.00;11.73;1372.00;4.72;0
31;arms_factory;2851.00;10.63;1382.00;1.10;0
31;industrial_complex;2835.00;10.00;1388.00;3.84;0
31;industrial_complex;2846.00;12.38;1372.00;2.21;0
31;industrial_complex;2839.00;12.88;1376.00;0.15;0
31;industrial_complex;2824.00;11.53;1383.00;0.22;0
31;industrial_complex;2835.00;10.78;1381.00;1.78;0
31;industrial_complex;2808.00;10.35;1393.00;5.90;0
31;naval_base;2852.00;10.15;1377.00;1.57;5505
31;naval_base;2853.00;9.85;1375.00;-4.51;5505
31;air_base;2815.53;12.20;1382.82;0.53;0
31;bunker;2844.00;11.32;1382.00;1.27;0
31;bunker;2797.00;10.63;1392.00;2.89;0
31;bunker;2844.00;12.10;1378.00;0.22;0
31;bunker;2851.00;10.80;1378.00;0.82;0
31;bunker;2847.00;11.65;1375.00;4.95;0
31;bunker;2823.00;10.00;1400.00;0.73;0
806;bunker;2797.00;10.98;1387.00;3.39;0
31;bunker;2807.00;11.10;1386.00;0.13;0
31;bunker;2817.00;10.30;1389.00;1.34;0
31;bunker;2832.00;10.00;1399.00;5.46;0
31;bunker;2802.00;10.35;1398.00;6.06;0
31;bunker;2825.00;12.43;1378.00;3.91;0
31;bunker;2806.00;12.57;1380.00;4.01;0
31;bunker;2815.00;9.90;1395.00;5.97;0
31;bunker;2838.00;10.05;1391.00;0.89;0
31;bunker;2824.00;10.35;1388.00;3.91;0
31;bunker;2828.00;10.07;1396.00;0.30;0
31;bunker;2829.00;11.57;1379.00;2.96;0
31;bunker;2813.00;14.20;1376.00;5.62;0
31;coastal_bunker;2853.00;9.75;1379.00;1.57;0
31;coastal_bunker;2853.00;9.90;1373.00;-4.51;0
31;anti_air_building;2822.00;9.90;1394.00;2.36;0
31;anti_air_building;2825.00;10.78;1386.00;5.02;0
31;anti_air_building;2818.00;11.95;1382.00;1.40;0
31;synthetic_refinery;2798.00;10.95;1389.00;4.07;0
31;nuclear_reactor;2846.00;12.13;1373.00;4.01;0
33;arms_factory;2840.00;9.88;1456.00;4.44;0
33;arms_factory;2836.00;10.00;1441.00;1.17;0
33;arms_factory;2834.00;9.98;1461.00;3.84;0
33;arms_factory;2839.00;10.20;1448.00;0.22;0
33;arms_factory;2845.00;10.00;1454.00;1.78;0
33;arms_factory;2822.00;9.80;1451.00;5.90;0
33;industrial_complex;2834.00;9.93;1460.00;0.82;0
33;industrial_complex;2829.00;9.85;1451.00;4.95;0
33;industrial_complex;2836.00;9.90;1434.00;0.23;0
33;industrial_complex;2825.00;9.80;1450.00;2.89;0
33;industrial_complex;2839.00;9.95;1435.00;0.73;0
33;industrial_complex;2823.00;9.90;1446.00;3.39;0
33;air_base;2831.96;9.90;1451.62;2.63;0
33;bunker;2829.00;10.03;1446.00;1.34;0
33;bunker;2842.00;10.10;1452.00;5.46;0
33;bunker;2835.00;9.90;1453.00;1.84;0
33;bunker;2842.00;10.20;1448.00;3.40;0
33;bunker;2818.00;9.80;1450.00;6.06;0
33;bunker;2828.00;9.90;1449.00;3.91;0
33;bunker;2826.00;9.80;1458.00;4.01;0
33;bunker;2840.00;9.98;1434.00;1.85;0
33;bunker;2835.00;9.98;1437.00;5.97;0
33;anti_air_building;2829.00;10.05;1443.00;0.89;0
33;anti_air_building;2840.00;9.82;1457.00;3.91;0
33;anti_air_building;2841.00;10.15;1450.00;0.30;0
33;synthetic_refinery;2842.00;9.95;1458.00;2.96;0
33;nuclear_reactor;2816.00;9.88;1443.00;2.36;0
1;rocket_site;2950.35;9.30;1355.33;2.67;0
2;rocket_site;3002.00;9.70;1356.00;2.26;0
4;rocket_site;3043.00;13.28;1469.00;5.54;0
6;rocket_site;2883.00;9.73;1537.00;3.98;0
8;rocket_site;2903.00;10.75;1508.00;2.43;0
9;rocket_site;3042.00;11.68;1519.00;0.37;0
10;rocket_site;3128.00;9.95;1553.00;2.33;0
14;rocket_site;2775.00;9.80;1481.00;4.05;0
15;rocket_site;2803.00;10.53;1491.00;3.45;0
16;rocket_site;2828.97;10.00;1479.75;2.49;0
17;rocket_site;2899.00;10.07;1473.00;0.43;0
18;rocket_site;2889.00;11.62;1491.00;0.94;0
19;rocket_site;2791.00;10.15;1398.00;5.16;0
20;rocket_site;2871.00;12.45;1426.00;4.21;0
22;rocket_site;2855.00;12.30;1408.00;4.12;0
23;rocket_site;2794.00;9.90;1452.00;3.51;0
24;rocket_site;2841.00;10.32;1472.00;1.46;0
25;rocket_site;2812.00;9.80;1436.00;0.50;0
26;rocket_site;2855.00;12.62;1432.00;6.18;0
27;rocket_site;2866.00;10.12;1450.00;5.23;0
28;rocket_site;2922.00;12.10;1495.00;3.17;0
30;rocket_site;2784.00;9.70;1466.00;1.62;0
33;rocket_site;2828.00;9.80;1453.00;0.57;0
32;arms_factory;2893.00;9.75;1417.00;1.67;0
32;arms_factory;2887.00;9.78;1413.00;4.33;0
32;arms_factory;2890.00;9.82;1424.00;1.07;0
32;arms_factory;2891.00;10.88;1430.00;2.27;0
32;arms_factory;2888.00;10.10;1409.00;0.11;0
32;arms_factory;2898.00;11.85;1420.00;2.78;0
32;industrial_complex;2888.35;9.70;1415.74;4.34;0
32;industrial_complex;2892.04;10.20;1411.37;2.17;0
32;industrial_complex;2887.67;10.40;1405.69;4.84;0
32;industrial_complex;2890.68;9.70;1415.66;0.12;0
32;industrial_complex;2885.05;10.20;1427.10;2.78;0
32;industrial_complex;2893.39;10.40;1423.20;0.62;0
32;air_base;2891.13;9.70;1420.50;4.53;0
32;bunker;2897.59;12.80;1428.38;1.35;0
32;bunker;2887.12;9.90;1423.53;1.73;0
32;bunker;2885.00;10.23;1431.00;2.75;0
32;bunker;2884.32;9.70;1414.57;-4.22;0
32;bunker;2887.00;9.95;1410.00;3.29;0
32;bunker;2894.00;10.03;1414.00;1.13;0
32;anti_air_building;2885.30;9.90;1406.29;1.84;0
32;anti_air_building;2895.00;10.23;1420.00;0.18;0
32;anti_air_building;2895.00;11.48;1425.00;1.74;0
32;synthetic_refinery;2886.00;9.70;1419.00;4.40;0
32;rocket_site;2891.00;10.00;1411.00;4.91;0
32;nuclear_reactor;2888.95;10.60;1427.94;5.01;0
21;air_base;2892.14;10.60;1394.23;-0.29;0
21;naval_base;2893.07;9.50;1384.20;-0.11;5505
21;naval_base;2881.58;9.50;1388.18;0.00;5505
21;bunker;2881.05;9.70;1392.35;0.12;0
21;bunker;2888.78;10.20;1392.16;0.62;0
21;bunker;2882.15;10.00;1398.36;1.93;0
21;bunker;2893.00;11.70;1406.00;4.85;0
21;bunker;2896.00;10.73;1394.00;1.23;0
21;coastal_bunker;2878.04;9.40;1387.28;-0.50;0
21;coastal_bunker;2887.00;9.50;1386.00;-0.19;0
21;dockyard;2890.02;9.50;1384.24;-0.59;0
21;anti_air_building;2885.79;9.90;1390.46;4.40;0
21;anti_air_building;2899.00;12.18;1406.00;0.79;0
21;anti_air_building;2888.00;10.05;1398.00;4.91;0
21;synthetic_refinery;2885.65;9.90;1402.40;5.01;0
21;nuclear_reactor;2893.78;10.80;1397.44;0.79;0
22;arms_factory;2874.00;9.60;1391.00;4.57;0
22;arms_factory;2840.00;10.45;1405.00;2.41;0
22;arms_factory;2855.00;11.43;1395.00;0.25;0
22;arms_factory;2846.00;11.18;1403.00;0.35;0
22;arms_factory;2866.00;11.23;1400.00;4.47;0
22;arms_factory;2857.00;13.32;1411.00;0.85;0
22;anti_air_building;2860.00;10.25;1390.00;3.87;0
22;anti_air_building;2870.00;9.70;1393.00;5.08;0
22;anti_air_building;2863.00;12.53;1402.00;2.92;0
22;nuclear_reactor;2838.00;10.30;1403.00;5.58;0
31;dockyard;2853.00;9.82;1381.00;1.57;0
1;radar_station;2948.00;13.38;1365.00;5.97;0
2;radar_station;3006.00;10.45;1362.00;4.10;0
4;radar_station;3055.00;13.25;1473.00;4.03;0
6;radar_station;2872.00;9.70;1538.00;1.40;0
8;radar_station;2901.00;11.07;1514.00;5.05;0
9;radar_station;3038.00;12.35;1515.00;5.75;0
10;radar_station;3136.00;9.80;1558.00;4.98;0
14;radar_station;2758.00;10.53;1481.00;6.00;0
15;radar_station;2806.00;9.75;1501.00;0.41;0
16;radar_station;2839.00;9.80;1490.00;5.93;0
17;radar_station;2903.00;10.30;1472.00;0.72;0
18;radar_station;2880.00;10.80;1496.00;6.24;0
19;radar_station;2794.00;10.25;1404.00;5.47;0
20;radar_station;2881.00;10.90;1430.00;3.61;0
21;radar_station;2897.00;10.82;1396.00;2.84;0
22;radar_station;2857.00;11.75;1401.00;3.54;0
23;radar_station;2796.00;10.30;1441.00;1.67;0
24;radar_station;2833.00;10.40;1468.00;0.90;0
25;radar_station;2822.00;9.98;1420.00;0.14;0
26;radar_station;2854.00;13.07;1431.00;4.56;0
27;radar_station;2873.00;10.80;1465.00;5.25;0
28;radar_station;2917.00;13.53;1486.00;4.49;0
30;radar_station;2793.00;10.28;1472.00;1.85;0
31;radar_station;2824.00;10.35;1388.00;1.09;0
32;radar_station;2891.00;9.70;1420.00;5.50;0
33;radar_station;2831.00;10.07;1447.00;6.20;0
11;bunker;3199.00;10.10;1626.00;2.65;0
11;bunker;3190.00;9.80;1610.00;3.85;0
11;bunker;3185.00;9.70;1625.00;4.71;0
11;bunker;3185.00;10.30;1634.00;3.75;0
11;radar_station;3187.00;9.82;1627.00;1.65;0
11;nuclear_reactor;3190.00;9.80;1610.00;2.71;0
5;arms_factory;3126.00;9.80;1604.00;2.34;0
5;arms_factory;3134.00;10.35;1594.00;0.18;0
5;arms_factory;3121.00;9.90;1591.00;1.39;0
5;arms_factory;3129.00;10.40;1597.00;4.40;0
5;arms_factory;3107.00;9.70;1605.00;0.79;0
5;arms_factory;3140.00;9.80;1605.00;4.91;0
5;industrial_complex;3147.00;9.88;1598.00;0.18;0
5;industrial_complex;3139.00;9.90;1601.00;2.85;0
5;industrial_complex;3121.00;9.90;1590.00;0.69;0
5;industrial_complex;3121.00;9.75;1608.00;1.90;0
5;industrial_complex;3107.00;9.68;1604.00;4.91;0
5;industrial_complex;3119.00;9.80;1599.00;1.29;0
5;air_base;3151.00;10.35;1597.00;3.96;0
5;naval_base;3107.00;9.68;1606.00;-3.61;2309
5;naval_base;3114.00;9.50;1609.00;-2.21;2309
5;bunker;3122.00;9.80;1607.00;4.57;0
5;bunker;3109.00;9.80;1596.00;2.41;0
5;bunker;3137.00;9.88;1590.00;0.25;0
5;bunker;3124.00;9.88;1597.00;0.35;0
5;bunker;3134.00;10.30;1603.00;4.47;0
5;bunker;3152.00;10.43;1596.00;0.85;0
5;bunker;3125.00;9.90;1590.00;3.87;0
5;bunker;3153.00;10.00;1599.00;5.08;0
5;bunker;3126.00;9.80;1605.00;2.92;0
5;bunker;3101.00;9.70;1597.00;5.58;0
5;bunker;3145.00;9.95;1597.00;0.86;0
5;coastal_bunker;3116.00;9.57;1610.00;-2.21;0
5;coastal_bunker;3109.00;9.57;1606.00;-3.61;0
5;dockyard;3115.00;9.57;1609.00;-2.21;0
5;anti_air_building;3105.00;9.80;1600.00;5.59;0
5;anti_air_building;3146.00;9.80;1601.00;3.42;0
5;anti_air_building;3149.00;10.23;1595.00;4.64;0
5;synthetic_refinery;3137.00;10.40;1598.00;2.48;0
5;radar_station;3130.00;10.38;1599.00;6.11;0
5;rocket_site;3112.00;9.70;1606.00;0.41;0
5;nuclear_reactor;3104.00;9.80;1599.00;3.08;0
29;arms_factory;2853.00;9.75;1517.00;4.77;0
29;arms_factory;2843.00;9.80;1521.00;0.04;0
29;arms_factory;2849.00;9.78;1530.00;4.17;0
29;arms_factory;2839.00;9.70;1535.00;5.37;0
29;arms_factory;2836.00;9.65;1528.00;3.21;0
29;arms_factory;2851.00;9.70;1519.00;6.23;0
29;industrial_complex;2835.00;9.65;1523.00;1.16;0
29;industrial_complex;2845.00;9.80;1529.00;5.28;0
29;industrial_complex;2840.00;9.68;1537.00;0.55;0
29;industrial_complex;2846.00;9.80;1525.00;3.22;0
29;industrial_complex;2857.00;9.78;1524.00;5.88;0
29;industrial_complex;2840.00;9.70;1524.00;3.73;0
29;air_base;2835.99;9.70;1533.56;3.83;0
29;naval_base;2833.15;9.50;1536.87;-2.43;11748
29;naval_base;2841.25;9.50;1538.26;-2.84;8621
29;naval_base;2831.00;9.50;1527.00;-1.61;11748
29;bunker;2844.00;9.80;1521.00;3.73;0
29;bunker;2854.00;9.70;1527.00;0.11;0
29;bunker;2858.00;9.80;1521.00;2.78;0
29;bunker;2844.00;9.70;1535.00;5.44;0
29;bunker;2838.00;9.70;1528.00;2.17;0
29;bunker;2834.00;9.70;1534.00;4.84;0
29;bunker;2836.00;9.68;1523.00;1.23;0
29;bunker;2854.00;9.75;1517.00;2.78;0
29;coastal_bunker;2834.00;9.57;1536.00;-2.03;0
29;coastal_bunker;2844.00;9.53;1539.00;-3.14;0
29;coastal_bunker;2831.00;9.50;1527.00;-2.21;0
29;dockyard;2845.00;9.55;1539.00;-3.14;0
29;anti_air_building;2861.00;9.80;1518.00;3.90;0
29;anti_air_building;2852.00;9.80;1521.00;1.73;0
29;anti_air_building;2834.00;9.70;1530.00;4.40;0
29;synthetic_refinery;2844.00;9.80;1531.00;5.96;0
29;radar_station;2851.00;9.80;1527.00;1.74;0
29;rocket_site;2841.00;9.80;1533.00;1.39;0
29;nuclear_reactor;2848.66;9.80;1527.68;4.40;0
7;arms_factory;2881.19;9.60;1560.89;3.96;0
7;arms_factory;2879.00;9.60;1554.00;0.34;0
7;arms_factory;2872.57;9.70;1552.82;3.36;0
7;arms_factory;2880.00;9.55;1573.00;4.57;0
7;arms_factory;2871.27;9.70;1553.84;3.01;0
7;arms_factory;2873.00;9.70;1557.00;0.25;0
7;industrial_complex;2880.31;9.60;1555.67;0.35;0
7;industrial_complex;2875.68;9.60;1561.85;4.47;0
7;industrial_complex;2875.86;9.60;1553.14;0.85;0
7;industrial_complex;2885.14;9.60;1556.43;3.87;0
7;industrial_complex;2877.00;9.63;1558.00;5.08;0
7;industrial_complex;2882.49;9.60;1559.56;3.32;0
7;air_base;2878.36;9.60;1563.57;5.78;0
7;naval_base;2878.01;9.50;1567.58;-1.76;2775
7;naval_base;2882.14;9.40;1576.54;-2.94;2752
7;naval_base;2874.00;9.57;1560.00;-2.16;2775
7;naval_base;2869.39;9.40;1554.28;-1.77;8621
7;bunker;2874.00;9.70;1558.00;5.59;0
7;bunker;2881.00;9.68;1575.00;3.42;0
7;bunker;2882.00;9.60;1565.00;4.64;0
7;bunker;2880.00;9.68;1564.00;2.48;0
7;bunker;2884.00;9.63;1556.00;4.03;0
7;coastal_bunker;2880.00;9.53;1575.00;-1.77;0
7;coastal_bunker;2878.00;9.53;1567.00;-2.36;0
7;coastal_bunker;2870.00;9.50;1556.00;-1.47;0
7;coastal_bunker;2873.00;9.55;1559.00;-2.16;0
7;dockyard;2871.25;9.40;1557.84;-1.86;0
7;anti_air_building;2883.70;9.70;1572.13;4.88;0
7;anti_air_building;2886.73;9.60;1562.66;4.84;0
7;anti_air_building;2872.36;9.70;1553.08;2.32;0
7;synthetic_refinery;2881.53;9.70;1567.18;3.59;0
7;radar_station;2873.54;9.70;1556.86;4.13;0
7;rocket_site;2876.00;9.63;1556.00;5.65;0
7;nuclear_reactor;2884.77;9.70;1555.45;2.04;0
1;fuel_silo;2950.00;11.53;1358.00;3.22;0
2;fuel_silo;3004.00;9.68;1354.00;3.73;0
4;fuel_silo;3048.00;13.80;1478.00;0.71;0
5;fuel_silo;3130.00;9.85;1591.00;0.11;0
6;fuel_silo;2870.00;9.73;1534.00;5.44;0
7;fuel_silo;2876.00;9.65;1557.00;4.84;0
8;fuel_silo;2898.00;11.43;1513.00;2.78;0
9;fuel_silo;3062.00;12.78;1526.00;1.83;0
10;fuel_silo;3117.00;9.90;1559.00;2.68;0
14;fuel_silo;2776.00;9.80;1479.00;4.40;0
15;fuel_silo;2823.00;9.85;1499.00;4.91;0
16;fuel_silo;2854.00;9.80;1487.00;2.85;0
17;fuel_silo;2896.00;10.15;1460.00;1.90;0
18;fuel_silo;2872.00;9.90;1495.00;1.29;0
19;fuel_silo;2789.00;9.70;1416.00;0.34;0
20;fuel_silo;2869.00;12.50;1434.00;4.57;0
21;fuel_silo;2881.01;9.70;1394.45;0.25;0
22;fuel_silo;2866.00;11.23;1400.00;4.47;0
23;fuel_silo;2797.00;10.23;1435.00;3.87;0
24;fuel_silo;2832.00;10.40;1472.00;2.92;0
25;fuel_silo;2821.00;10.00;1426.00;0.86;0
26;fuel_silo;2854.00;13.40;1425.00;1.36;0
27;fuel_silo;2859.00;10.15;1464.00;5.59;0
28;fuel_silo;2920.00;12.53;1466.00;4.64;0
29;fuel_silo;2841.00;9.75;1525.00;4.03;0
30;fuel_silo;2787.00;10.20;1480.00;3.08;0
31;fuel_silo;2800.00;10.55;1394.00;1.02;0
32;fuel_silo;2886.00;10.03;1409.00;2.98;0
33;fuel_silo;2835.00;10.00;1442.00;0.92;0
19;arms_factory;2801.00;10.23;1414.00;1.70;0
19;arms_factory;2795.00;10.30;1403.00;3.26;0
19;arms_factory;2794.00;10.28;1400.00;1.10;0
19;arms_factory;2788.00;9.70;1401.00;3.76;0
19;arms_factory;2795.00;9.70;1417.00;5.32;0
19;arms_factory;2797.00;9.68;1413.00;3.17;0
19;anti_air_building;2789.00;9.70;1402.00;5.83;0
19;anti_air_building;2796.00;10.25;1405.00;2.21;0
19;anti_air_building;2792.00;9.88;1402.00;3.77;0
19;nuclear_reactor;2800.00;10.07;1418.00;1.61;0
31;rocket_site;2831.00;12.90;1376.00;5.90;0
12;arms_factory;3189.00;9.78;1682.00;4.54;0
12;arms_factory;3198.00;10.30;1681.00;5.74;0
12;arms_factory;3188.00;9.55;1678.00;3.58;0
12;arms_factory;3214.00;10.43;1676.00;5.14;0
12;arms_factory;3210.00;10.30;1681.00;1.52;0
12;arms_factory;3215.00;10.50;1672.00;4.19;0
12;industrial_complex;3203.00;10.30;1682.00;2.03;0
12;industrial_complex;3203.00;10.38;1677.00;5.05;0
12;industrial_complex;3199.00;10.30;1688.00;6.25;0
12;industrial_complex;3211.00;10.30;1682.00;4.09;0
12;industrial_complex;3201.00;10.30;1683.00;0.47;0
12;industrial_complex;3213.00;10.40;1678.00;2.04;0
12;air_base;3216.00;10.60;1669.00;4.70;0
12;anti_air_building;3206.00;10.30;1683.00;2.54;0
12;anti_air_building;3203.00;10.40;1674.00;3.74;0
12;anti_air_building;3196.00;10.30;1685.00;0.48;0
12;synthetic_refinery;3211.00;10.60;1669.00;3.14;0
12;fuel_silo;3199.00;10.38;1679.00;5.81;0
12;radar_station;3204.00;10.35;1678.00;4.34;0
12;rocket_site;3195.00;10.30;1682.00;5.21;0
12;nuclear_reactor;3209.00;10.30;1680.00;1.59;0
11;arms_factory;3184.00;10.20;1633.00;4.25;0
11;arms_factory;3185.00;10.07;1630.00;0.99;0
11;arms_factory;3183.00;9.70;1626.00;3.66;0
11;arms_factory;3186.00;10.30;1633.00;0.04;0
11;arms_factory;3187.00;10.23;1630.00;2.70;0
11;arms_factory;3192.00;10.35;1624.00;5.72;0
11;industrial_complex;3180.00;9.80;1634.00;0.64;0
11;industrial_complex;3189.00;10.38;1630.00;4.76;0
11;industrial_complex;3194.00;10.40;1624.00;2.61;0
11;industrial_complex;3181.00;9.80;1634.00;2.71;0
11;industrial_complex;3187.00;9.80;1608.00;0.55;0
11;industrial_complex;3196.00;10.40;1624.00;3.21;0
11;air_base;3185.00;9.88;1612.00;4.77;0
11;bunker;3174.00;9.80;1630.00;1.16;0
11;anti_air_building;3188.00;9.75;1625.00;5.28;0
11;anti_air_building;3187.00;9.80;1612.00;0.20;0
11;anti_air_building;3184.00;9.98;1609.00;3.22;0
11;synthetic_refinery;3189.00;10.20;1619.00;5.88;0
11;fuel_silo;3189.00;9.80;1612.00;2.26;0
11;rocket_site;3194.00;10.40;1628.00;0.11;0
13;arms_factory;3203.00;10.30;1706.00;2.26;0
13;arms_factory;3199.00;10.30;1705.00;0.11;0
13;arms_factory;3193.00;10.23;1700.00;1.67;0
13;arms_factory;3194.00;10.25;1699.00;5.79;0
13;arms_factory;3194.00;10.25;1699.00;0.71;0
13;arms_factory;3186.00;9.70;1709.00;4.83;0
13;industrial_complex;3187.00;9.75;1708.00;0.11;0
13;industrial_complex;3188.00;9.82;1708.00;2.78;0
13;industrial_complex;3200.00;9.95;1698.00;5.44;0
13;industrial_complex;3200.00;9.95;1698.00;2.17;0
13;industrial_complex;3204.00;9.85;1697.00;3.38;0
13;industrial_complex;3178.00;9.65;1710.00;1.22;0
13;air_base;3178.00;9.65;1710.00;5.34;0
13;naval_base;3173.00;9.50;1704.00;-1.11;1885
13;naval_base;3189.00;9.50;1696.00;-1.37;1885
13;naval_base;3185.00;9.57;1699.00;-0.59;1885
13;bunker;3194.00;10.25;1696.00;2.33;0
13;bunker;3201.00;10.30;1703.00;3.89;0
13;bunker;3181.00;9.70;1701.00;1.73;0
13;bunker;3191.00;10.30;1704.00;4.40;0
13;bunker;3181.00;9.68;1709.00;0.78;0
13;bunker;3203.00;9.73;1694.00;2.34;0
13;coastal_bunker;3173.00;9.50;1710.00;-2.21;0
13;coastal_bunker;3188.00;9.50;1694.00;-1.37;0
13;coastal_bunker;3176.00;9.50;1700.00;-0.59;0
13;dockyard;3180.00;9.50;1697.00;-0.59;0
13;anti_air_building;3196.00;10.30;1698.00;3.45;0
13;anti_air_building;3200.00;9.80;1697.00;1.29;0
13;anti_air_building;3203.00;9.75;1696.00;2.85;0
13;synthetic_refinery;3182.00;9.70;1709.00;5.51;0
13;fuel_silo;3174.00;9.60;1709.00;1.90;0
13;radar_station;3191.00;10.18;1700.00;5.50;0
13;rocket_site;3197.00;10.20;1696.00;6.12;0
13;nuclear_reactor;3190.00;9.68;1696.00;3.96;0
1;supply_node;2947.00;9.75;1356.00;0.36;0
1;supply_node;2951.00;11.40;1369.00;4.40;0
1;supply_node;2945.00;11.70;1366.00;5.88;0
2;supply_node;3020.00;10.53;1352.00;5.88;0
2;supply_node;2992.00;9.90;1369.00;2.53;0
2;supply_node;3003.00;10.45;1370.00;5.12;0
2;supply_node;3004.00;9.88;1358.00;1.77;0
2;supply_node;2997.00;9.70;1362.00;4.71;0
2;supply_node;3012.00;10.15;1352.00;1.01;0
2;supply_node;3015.00;12.55;1362.00;3.95;0
4;supply_node;3040.00;13.32;1454.00;4.71;0
4;supply_node;3050.00;13.20;1480.00;1.01;0
4;supply_node;3069.00;9.78;1476.00;3.95;0
4;supply_node;3063.00;9.90;1491.00;5.42;0
4;supply_node;3051.00;13.78;1471.00;3.18;0
4;supply_node;3065.00;10.40;1484.00;6.11;0
4;supply_node;3054.00;10.10;1490.00;1.31;0
4;supply_node;3050.00;11.10;1452.00;5.35;0
4;supply_node;3048.00;11.03;1459.00;0.55;0
4;supply_node;3058.00;10.65;1467.00;3.48;0
4;supply_node;3042.00;13.30;1468.00;6.07;0
4;supply_node;3058.00;10.25;1459.00;2.72;0
4;supply_node;3060.00;11.40;1479.00;5.65;0
5;supply_node;3144.00;9.80;1602.00;3.95;0
5;supply_node;3113.00;9.82;1596.00;5.42;0
5;supply_node;3105.00;9.80;1599.00;3.18;0
5;supply_node;3129.00;10.23;1593.00;6.11;0
5;supply_node;3116.00;9.63;1606.00;1.31;0
5;supply_node;3153.00;9.80;1603.00;5.35;0
5;supply_node;3121.00;9.90;1591.00;0.55;0
5;supply_node;3140.00;10.35;1592.00;3.48;0
5;supply_node;3135.00;10.35;1601.00;6.07;0
5;supply_node;3126.00;9.80;1602.00;2.72;0
5;supply_node;3152.00;10.43;1596.00;5.65;0
6;supply_node;2872.00;9.75;1534.00;6.11;0
6;supply_node;2861.00;9.80;1532.00;1.31;0
6;supply_node;2850.00;9.68;1536.00;5.35;0
6;supply_node;2860.00;10.05;1539.00;0.55;0
6;supply_node;2873.00;9.65;1541.00;3.48;0
6;supply_node;2891.00;10.03;1539.00;6.07;0
6;supply_node;2881.00;9.70;1543.00;2.72;0
6;supply_node;2882.00;9.73;1537.00;5.65;0
7;supply_node;2879.00;9.70;1566.00;5.35;0
7;supply_node;2884.00;9.60;1563.00;0.55;0
7;supply_node;2875.00;9.70;1558.00;3.48;0
7;supply_node;2883.00;9.70;1575.00;6.07;0
7;supply_node;2878.00;9.60;1554.00;2.72;0
8;supply_node;2900.00;11.10;1512.00;3.48;0
9;supply_node;3061.00;11.88;1522.00;2.72;0
9;supply_node;3055.00;10.50;1525.00;5.65;0
9;supply_node;3055.00;12.68;1516.00;1.95;0
9;supply_node;3047.00;10.60;1527.00;4.89;0
9;supply_node;3017.00;12.07;1515.00;0.09;0
9;supply_node;3024.00;11.00;1525.00;4.13;0
9;supply_node;3016.00;14.43;1506.00;0.79;0
9;supply_node;3039.00;11.20;1529.00;2.26;0
9;supply_node;3025.00;12.32;1511.00;0.02;0
9;supply_node;3041.00;11.75;1519.00;1.50;0
9;supply_node;3031.00;12.55;1500.00;4.44;0
9;supply_node;3033.00;12.18;1509.00;2.19;0
9;supply_node;3030.00;10.93;1521.00;3.67;0
9;supply_node;3044.00;12.70;1510.00;0.32;0
10;supply_node;3151.00;10.50;1566.00;1.95;0
10;supply_node;3128.00;10.05;1549.00;4.89;0
10;supply_node;3139.00;9.80;1566.00;0.09;0
10;supply_node;3120.00;10.00;1547.00;4.13;0
10;supply_node;3131.00;9.80;1561.00;0.79;0
10;supply_node;3136.00;9.82;1551.00;2.26;0
10;supply_node;3120.00;9.90;1555.00;0.02;0
10;supply_node;3119.00;9.88;1562.00;1.50;0
10;supply_node;3143.00;9.80;1556.00;4.44;0
11;supply_node;3187.00;9.80;1612.00;0.09;0
11;supply_node;3182.00;9.70;1620.00;4.13;0
11;supply_node;3171.00;9.75;1628.00;0.79;0
11;supply_node;3184.00;10.00;1630.00;2.26;0
11;supply_node;3193.00;10.40;1624.00;0.02;0
12;supply_node;3208.00;10.30;1681.00;0.79;0
12;supply_node;3190.00;10.00;1681.00;2.26;0
12;supply_node;3199.00;10.30;1684.00;0.02;0
12;supply_node;3206.00;10.57;1671.00;1.50;0
12;supply_node;3217.00;10.50;1672.00;4.44;0
13;supply_node;3177.00;9.70;1707.00;0.02;0
13;supply_node;3203.00;9.73;1694.00;1.50;0
13;supply_node;3188.00;9.80;1706.00;4.44;0
13;supply_node;3182.00;9.70;1699.00;2.19;0
13;supply_node;3199.00;10.30;1702.00;3.67;0
13;supply_node;3191.00;10.07;1693.00;0.32;0
14;supply_node;2742.00;9.68;1477.00;4.44;0
14;supply_node;2739.00;9.70;1486.00;2.19;0
14;supply_node;2749.00;9.85;1482.00;3.67;0
14;supply_node;2756.00;9.70;1473.00;0.32;0
14;supply_node;2759.00;10.45;1480.00;2.91;0
14;supply_node;2753.00;9.70;1489.00;5.84;0
14;supply_node;2777.00;9.70;1476.00;2.49;0
14;supply_node;2768.00;9.82;1473.00;5.08;0
14;supply_node;2765.00;9.78;1485.00;1.73;0
14;supply_node;2775.00;9.70;1485.00;3.21;0
15;supply_node;2826.00;9.70;1513.00;3.67;0
15;supply_node;2791.00;11.40;1491.00;0.32;0
15;supply_node;2808.00;10.43;1490.00;2.91;0
15;supply_node;2816.00;9.95;1487.00;5.84;0
15;supply_node;2822.00;9.98;1495.00;2.49;0
15;supply_node;2788.00;10.10;1501.00;5.08;0
15;supply_node;2781.00;9.70;1506.00;1.73;0
15;supply_node;2829.00;10.10;1503.00;3.21;0
15;supply_node;2807.00;10.00;1500.00;0.97;0
15;supply_node;2813.00;9.68;1509.00;3.91;0
15;supply_node;2784.00;9.90;1493.00;5.38;0
15;supply_node;2816.00;9.95;1500.00;3.14;0
15;supply_node;2799.00;11.23;1492.00;4.62;0
15;supply_node;2797.00;10.55;1500.00;1.28;0
15;supply_node;2822.00;9.80;1506.00;3.86;0
16;supply_node;2824.00;10.00;1486.00;2.91;0
16;supply_node;2856.00;9.80;1490.00;5.84;0
16;supply_node;2831.00;9.93;1482.00;2.49;0
16;supply_node;2835.00;9.80;1491.00;5.08;0
16;supply_node;2834.00;10.10;1498.00;1.73;0
16;supply_node;2844.00;9.80;1484.00;3.21;0
16;supply_node;2850.00;9.80;1488.00;0.97;0
16;supply_node;2841.00;9.80;1495.00;3.91;0
16;supply_node;2850.00;9.80;1496.00;5.38;0
17;supply_node;2912.00;13.30;1481.00;2.49;0
17;supply_node;2911.00;12.55;1468.00;5.08;0
17;supply_node;2898.00;10.10;1454.00;1.73;0
17;supply_node;2906.00;10.10;1459.00;3.21;0
17;supply_node;2903.00;10.28;1471.00;0.97;0
17;supply_node;2898.00;10.13;1463.00;3.91;0
17;supply_node;2894.00;10.10;1471.00;5.38;0
17;supply_node;2896.00;10.43;1482.00;3.14;0
17;supply_node;2905.00;10.30;1488.00;4.62;0
17;supply_node;2903.00;10.45;1480.00;1.28;0
18;supply_node;2864.00;9.80;1491.00;1.73;0
18;supply_node;2878.00;10.07;1482.00;3.21;0
18;supply_node;2882.00;10.32;1501.00;0.97;0
18;supply_node;2887.00;10.10;1506.00;3.91;0
18;supply_node;2894.00;10.80;1498.00;5.38;0
18;supply_node;2883.00;10.38;1476.00;3.14;0
18;supply_node;2883.00;11.18;1493.00;4.62;0
18;supply_node;2876.00;10.00;1510.00;1.28;0
18;supply_node;2866.00;9.90;1480.00;3.86;0
18;supply_node;2889.00;11.30;1484.00;0.51;0
18;supply_node;2872.00;9.85;1487.00;3.44;0
18;supply_node;2870.00;9.90;1499.00;6.03;0
19;supply_node;2789.00;9.68;1419.00;0.97;0
19;supply_node;2795.00;10.35;1401.00;3.91;0
19;supply_node;2789.00;9.70;1405.00;5.38;0
19;supply_node;2794.00;9.68;1413.00;3.14;0
19;supply_node;2800.00;10.10;1417.00;4.62;0
20;supply_node;2886.00;10.10;1444.00;5.38;0
20;supply_node;2888.00;10.10;1450.00;3.14;0
20;supply_node;2868.00;12.95;1427.00;4.62;0
20;supply_node;2878.00;11.13;1432.00;1.28;0
20;supply_node;2893.00;10.10;1437.00;3.86;0
20;supply_node;2896.00;10.10;1446.00;0.51;0
20;supply_node;2876.00;12.70;1423.00;3.44;0
20;supply_node;2885.00;10.10;1436.00;6.03;0
20;supply_node;2874.00;10.70;1408.00;2.68;0
20;supply_node;2864.00;13.60;1417.00;4.16;0
20;supply_node;2871.00;11.23;1437.00;1.92;0
20;supply_node;2874.00;13.20;1415.00;4.86;0
20;supply_node;2878.00;11.10;1444.00;0.05;0
21;supply_node;2884.00;9.78;1399.00;3.86;0
21;supply_node;2895.00;12.20;1404.00;0.51;0
21;supply_node;2891.00;9.60;1387.00;6.03;0
21;supply_node;2881.00;9.60;1391.00;2.68;0
21;supply_node;2893.00;10.43;1395.00;4.16;0
22;supply_node;2840.00;10.40;1406.00;3.86;0
22;supply_node;2860.00;11.85;1399.00;0.51;0
22;supply_node;2842.00;10.25;1398.00;3.44;0
22;supply_node;2860.00;13.20;1410.00;6.03;0
22;supply_node;2855.00;10.98;1389.00;2.68;0
22;supply_node;2852.00;11.43;1396.00;4.16;0
22;supply_node;2843.00;10.32;1391.00;1.92;0
22;supply_node;2866.00;9.73;1392.00;4.86;0
22;supply_node;2850.00;11.80;1404.00;0.05;0
22;supply_node;2868.00;11.03;1401.00;2.98;0
22;supply_node;2876.00;9.82;1396.00;5.57;0
23;supply_node;2804.00;9.82;1426.00;3.44;0
23;supply_node;2808.00;9.93;1443.00;6.03;0
23;supply_node;2798.00;10.30;1447.00;2.68;0
23;supply_node;2804.00;9.85;1455.00;4.16;0
23;supply_node;2790.00;9.55;1440.00;1.92;0
23;supply_node;2796.00;10.10;1429.00;4.86;0
23;supply_node;2789.00;9.70;1453.00;0.05;0
23;supply_node;2802.00;9.95;1436.00;2.98;0
23;supply_node;2813.00;9.80;1454.00;5.57;0
23;supply_node;2780.00;9.70;1450.00;2.22;0
24;supply_node;2837.00;10.00;1477.00;2.68;0
24;supply_node;2837.00;10.40;1470.00;4.16;0
24;supply_node;2817.00;9.82;1463.00;1.92;0
24;supply_node;2849.00;9.82;1475.00;4.86;0
24;supply_node;2824.00;10.38;1473.00;0.05;0
24;supply_node;2844.00;10.55;1466.00;2.98;0
24;supply_node;2816.00;9.80;1468.00;5.57;0
24;supply_node;2849.00;9.90;1457.00;2.22;0
24;supply_node;2830.00;10.23;1465.00;5.16;0
25;supply_node;2826.00;10.05;1434.00;1.92;0
25;supply_node;2816.00;9.98;1436.00;4.86;0
25;supply_node;2826.00;10.00;1407.00;0.05;0
25;supply_node;2816.00;9.95;1428.00;2.98;0
25;supply_node;2833.00;10.05;1420.00;5.57;0
25;supply_node;2836.00;9.95;1428.00;2.22;0
25;supply_node;2815.00;10.10;1406.00;5.16;0
25;supply_node;2812.00;10.20;1420.00;1.46;0
25;supply_node;2805.00;10.40;1404.00;4.40;0
25;supply_node;2822.00;9.85;1414.00;5.87;0
25;supply_node;2823.00;10.00;1422.00;3.63;0
25;supply_node;2834.00;10.00;1412.00;0.28;0
25;supply_node;2808.00;10.28;1412.00;1.77;0
26;supply_node;2853.00;13.40;1430.00;0.05;0
26;supply_node;2857.00;12.90;1421.00;2.98;0
26;supply_node;2865.00;11.63;1439.00;5.57;0
26;supply_node;2849.00;11.78;1413.00;2.22;0
26;supply_node;2848.00;10.18;1447.00;5.16;0
26;supply_node;2842.00;10.35;1417.00;1.46;0
26;supply_node;2850.00;12.98;1423.00;4.40;0
26;supply_node;2847.00;10.38;1432.00;5.87;0
26;supply_node;2857.00;10.68;1442.00;3.63;0
26;supply_node;2860.00;11.38;1431.00;0.28;0
26;supply_node;2850.00;10.40;1439.00;1.77;0
27;supply_node;2877.00;10.30;1452.00;5.57;0
27;supply_node;2858.00;10.00;1459.00;2.22;0
27;supply_node;2883.00;10.65;1469.00;5.16;0
27;supply_node;2889.00;10.00;1458.00;1.46;0
27;supply_node;2859.00;9.90;1478.00;4.40;0
27;supply_node;2885.00;10.28;1462.00;5.87;0
27;supply_node;2872.00;10.25;1470.00;3.63;0
27;supply_node;2864.00;10.15;1465.00;0.28;0
27;supply_node;2858.00;10.23;1450.00;1.77;0
27;supply_node;2867.00;10.15;1451.00;5.81;0
27;supply_node;2854.00;10.00;1469.00;1.00;0
27;supply_node;2874.00;10.57;1459.00;3.93;0
28;supply_node;2925.00;11.53;1495.00;5.16;0
28;supply_node;2918.00;13.18;1470.00;1.46;0
28;supply_node;2918.00;13.40;1488.00;4.40;0
28;supply_node;2913.00;11.25;1495.00;5.87;0
28;supply_node;2920.00;13.23;1479.00;3.63;0
28;supply_node;2925.00;11.05;1488.00;0.28;0
28;supply_node;2900.00;10.70;1502.00;1.77;0
28;supply_node;2906.00;10.73;1498.00;5.81;0
29;supply_node;2842.00;9.68;1535.00;4.40;0
29;supply_node;2843.00;9.80;1520.00;5.87;0
29;supply_node;2842.00;9.80;1528.00;3.63;0
29;supply_node;2852.00;9.70;1519.00;0.28;0
29;supply_node;2835.00;9.65;1524.00;1.77;0
29;supply_node;2852.00;9.75;1528.00;5.81;0
29;supply_node;2834.00;9.70;1532.00;1.00;0
29;supply_node;2862.00;9.80;1521.00;3.93;0
30;supply_node;2790.00;9.80;1470.00;3.63;0
30;supply_node;2786.00;10.07;1480.00;0.28;0
30;supply_node;2797.00;10.38;1475.00;1.77;0
30;supply_node;2807.00;9.90;1480.00;5.81;0
30;supply_node;2796.00;10.85;1483.00;1.00;0
30;supply_node;2804.00;10.30;1467.00;3.93;0
30;supply_node;2788.00;9.70;1462.00;1.70;0
30;supply_node;2814.00;10.20;1475.00;3.17;0
30;supply_node;2776.00;9.70;1466.00;6.11;0
30;supply_node;2798.00;9.80;1461.00;2.41;0
30;supply_node;2778.00;9.70;1459.00;5.35;0
31;supply_node;2813.00;10.20;1396.00;1.77;0
31;supply_node;2833.00;10.30;1386.00;5.81;0
31;supply_node;2800.00;10.70;1392.00;1.00;0
31;supply_node;2821.00;9.98;1392.00;3.93;0
31;supply_node;2822.00;12.03;1380.00;1.70;0
31;supply_node;2850.00;11.20;1380.00;3.17;0
31;supply_node;2833.00;9.95;1398.00;6.11;0
31;supply_node;2803.00;10.38;1398.00;2.41;0
31;supply_node;2828.00;9.98;1391.00;5.35;0
31;supply_node;2840.00;13.32;1374.00;2.00;0
31;supply_node;2842.00;10.57;1384.00;4.58;0
31;supply_node;2831.00;12.43;1377.00;1.24;0
31;supply_node;2848.00;11.73;1372.00;2.71;0
31;supply_node;2811.00;14.13;1377.00;0.47;0
31;supply_node;2802.00;13.60;1379.00;1.95;0
31;supply_node;2808.00;10.98;1388.00;4.89;0
31;supply_node;2823.00;10.07;1401.00;2.65;0
31;supply_node;2816.00;11.75;1384.00;4.12;0
32;supply_node;2887.00;9.73;1414.00;1.00;0
32;supply_node;2886.00;9.70;1421.00;3.93;0
32;supply_node;2886.00;10.23;1429.00;1.70;0
32;supply_node;2896.00;10.48;1418.00;3.17;0
32;supply_node;2894.00;11.45;1427.00;6.11;0
32;supply_node;2885.00;10.00;1407.00;2.41;0
33;supply_node;2827.00;9.82;1450.00;1.70;0
33;supply_node;2821.00;9.80;1457.00;3.17;0
33;supply_node;2835.00;9.98;1437.00;6.11;0
33;supply_node;2828.00;10.03;1443.00;2.41;0
33;supply_node;2842.00;10.00;1454.00;5.35;0
33;supply_node;2842.00;10.00;1437.00;2.00;0
33;supply_node;2837.00;10.20;1447.00;4.58;0
33;supply_node;2833.00;9.85;1458.00;1.24;0
33;supply_node;2817.00;9.80;1445.00;2.71;0
12;floating_harbor;3178.00;9.50;1681.00;1.57;9317
3;arms_factory;2949.00;12.30;1465.00;2.55;0
3;arms_factory;2945.00;12.45;1465.00;5.22;0
3;arms_factory;2934.00;14.65;1454.00;1.60;0
3;arms_factory;2944.00;13.07;1462.00;4.27;0
3;arms_factory;2920.00;12.60;1454.00;1.00;0
3;arms_factory;2935.00;14.03;1459.00;3.66;0
3;industrial_complex;2944.00;12.20;1466.00;0.05;0
3;industrial_complex;2928.00;13.55;1456.00;2.71;0
3;industrial_complex;2946.00;12.73;1464.00;5.73;0
3;industrial_complex;2927.00;13.85;1454.00;2.11;0
3;industrial_complex;2916.00;10.90;1448.00;4.78;0
3;industrial_complex;2934.00;13.28;1462.00;2.61;0
3;air_base;2915.00;9.95;1445.00;2.72;0
3;supply_node;2938.00;12.38;1464.00;0.65;0
3;supply_node;2922.00;14.05;1454.00;3.59;0
3;supply_node;2916.00;10.57;1447.00;0.24;0
3;supply_node;2933.00;13.88;1456.00;2.82;0
3;supply_node;2949.00;12.93;1462.00;5.76;0
3;bunker;2931.00;13.73;1459.00;0.21;0
3;bunker;2945.00;12.73;1464.00;3.23;0
3;bunker;2916.00;10.57;1447.00;1.07;0
3;bunker;2943.00;12.98;1462.00;3.73;0
3;bunker;2921.00;11.93;1456.00;0.11;0
3;anti_air_building;2912.00;10.12;1448.00;1.67;0
3;anti_air_building;2946.00;12.45;1465.00;5.80;0
3;anti_air_building;2936.00;12.53;1464.00;0.72;0
3;synthetic_refinery;2934.00;15.30;1453.00;4.84;0
3;fuel_silo;2940.00;12.68;1462.00;0.12;0
3;radar_station;2933.00;13.88;1456.00;3.78;0
3;rocket_site;2931.00;13.73;1459.00;5.45;0
3;nuclear_reactor;2942.00;12.55;1464.00;2.19;0
21;arms_factory;2889.00;10.12;1396.00;0.71;0
21;arms_factory;2894.00;11.95;1405.00;4.83;0
21;arms_factory;2895.00;11.23;1399.00;0.11;0
21;arms_factory;2896.00;11.95;1402.00;2.78;0
21;arms_factory;2888.00;10.12;1393.00;5.44;0
21;arms_factory;2885.00;9.82;1394.00;2.17;0
21;industrial_complex;2889.00;9.75;1389.00;3.38;0
21;industrial_complex;2897.00;10.93;1397.00;1.22;0
21;industrial_complex;2896.00;11.45;1400.00;5.34;0
21;industrial_complex;2895.00;10.62;1394.00;5.45;0
21;industrial_complex;2890.00;10.53;1399.00;3.29;0
21;industrial_complex;2892.00;9.70;1386.00;5.95;0
21;rocket_site;2888.00;10.00;1397.00;2.33;0
2;floating_harbor;2989.05;9.50;1354.05;-3.93;11751
5;floating_harbor;3111.84;9.50;1614.40;-0.42;3380
6;floating_harbor;2848.18;9.50;1546.88;0.98;6560
7;floating_harbor;2883.00;9.50;1587.00;0.00;3314
13;floating_harbor;3177.87;9.50;1690.74;-3.61;3174
14;floating_harbor;2765.00;9.50;1497.00;0.00;9525
15;floating_harbor;2775.18;9.50;1498.88;0.98;9550
19;floating_harbor;2769.00;9.50;1438.00;0.97;9737
21;floating_harbor;2884.05;9.50;1380.05;-3.93;11834
22;floating_harbor;2871.13;9.50;1381.74;-2.68;9898
23;floating_harbor;2784.14;9.50;1426.63;-4.51;9597
29;floating_harbor;2816.00;9.50;1519.00;-4.33;9500
30;floating_harbor;2763.74;9.50;1459.87;-4.25;11465
31;floating_harbor;2861.00;9.50;1380.00;-1.57;3946
1;floating_harbor;2961.26;9.50;1363.87;-2.03;9851
2;floating_harbor;3022.37;9.50;1340.14;-2.94;923
2;floating_harbor;2981.53;9.50;1360.63;-4.04;6862
2;floating_harbor;2999.79;9.50;1345.36;-3.46;9904
2;floating_harbor;2989.05;9.50;1354.05;-3.93;11751
5;floating_harbor;3111.84;9.50;1614.40;-0.42;3380
6;floating_harbor;2844.87;9.50;1546.26;0.46;6446
6;floating_harbor;2848.18;9.50;1546.88;0.98;6560
7;floating_harbor;2872.05;9.50;1572.95;0.79;68
7;floating_harbor;2869.12;9.50;1566.82;0.59;3211
7;floating_harbor;2883.00;9.50;1587.00;0.00;3314
13;floating_harbor;3171.00;9.50;1686.00;-3.25;83
13;floating_harbor;3177.87;9.50;1690.74;-3.61;3174
14;floating_harbor;2732.00;9.50;1477.00;1.57;542
14;floating_harbor;2730.18;9.50;1480.12;-4.12;3552
14;floating_harbor;2756.00;9.50;1464.00;-3.14;6536
14;floating_harbor;2745.80;9.50;1498.60;0.64;6572
14;floating_harbor;2759.63;9.50;1462.53;-3.82;9510
14;floating_harbor;2765.00;9.50;1497.00;0.00;9525
15;floating_harbor;2820.12;9.50;1521.82;0.59;485
15;floating_harbor;2793.13;9.50;1511.26;-0.46;3579
15;floating_harbor;2771.00;9.50;1506.00;1.57;6449
15;floating_harbor;2804.63;9.50;1511.86;0.20;6599
15;floating_harbor;2815.70;9.50;1519.79;-0.24;9434
15;floating_harbor;2775.18;9.50;1498.88;0.98;9550
19;floating_harbor;2783.05;9.50;1413.05;-3.93;6621
19;floating_harbor;2779.36;9.50;1408.21;1.25;6777
19;floating_harbor;2769.00;9.50;1438.00;0.97;9737
21;floating_harbor;2884.05;9.50;1380.05;-3.93;11834
22;floating_harbor;2865.47;9.50;1380.63;-2.25;6960
22;floating_harbor;2871.13;9.50;1381.74;-2.68;9898
23;floating_harbor;2779.74;9.50;1434.87;-4.25;6657
23;floating_harbor;2784.14;9.50;1426.63;-4.51;9597
29;floating_harbor;2842.00;9.50;1545.00;0.00;575
29;floating_harbor;2816.00;9.50;1519.00;-4.33;9500
30;floating_harbor;2763.74;9.50;1459.87;-4.25;11465
31;floating_harbor;2861.00;9.50;1380.00;-1.57;3946